3.10286	-148.65
3.09879	-184.776
3.09472	-270.104
3.09065	-275.998
3.08658	-298.938
3.08251	-293.606
3.07844	-337.804
3.07437	-250.345
3.07031	-239.819
3.06624	-301.341
3.06217	-292.719
3.0581	-337.359
3.05403	-409.056
3.04996	-430.586
3.04589	-364.76
3.04182	-329.054
3.03775	-188.093
3.03368	-175.221
3.02961	-167.179
3.02554	-205.139
3.02147	-265.013
3.01741	-291.734
3.01334	-286.176
3.00927	-285.768
3.0052	-228.884
3.00113	-198.55
2.99706	-258.102
2.99299	-236.95
2.98892	-228.964
2.98485	-196.233
2.98078	-88.4858
2.97671	119.049
2.97264	764.375
2.96857	2399.87
2.9645	2693.53
2.96043	2676.01
2.95636	2581.17
2.9523	1976.01
2.94823	308.448
2.94416	2.95516
2.94009	-17.9509
2.93602	-105.047
2.93195	-166.259
2.92788	-82.5035
2.92381	-126.951
2.91974	-236.979
2.91567	-231.047
2.9116	-254.233
2.90753	-307.432
2.90346	-332.724
2.89939	-239.296
2.89533	-300.402
2.89126	-287.724
2.88719	-302.846
2.88312	-276.814
2.87905	-357.662
2.87498	-313.538
2.87091	-312.776
2.86684	-312.814
2.86277	-339.088
2.8587	-283.336
2.85463	-210.616
2.85056	-162.918
2.84649	-132.782
2.84242	-93.5857
2.83835	-194.506
2.83428	-248.45
2.83022	-302.534
2.82615	-317.178
2.82208	-350.232
2.81801	-300.458
2.81394	-349.868
2.80987	-353.19
2.8058	-403.838
2.80173	-388.256
2.79766	-387.098
2.79359	-371.92
2.78952	-344.31
2.78545	-318.174
2.78138	-359.93
2.77731	-356.768
2.77325	-392.246
2.76918	-391.706
2.76511	-363.348
2.76104	-316.814
2.75697	-315.098
2.7529	-244.504
2.74883	-245.04
2.74476	-283.568
2.74069	-262.622
2.73662	-250.552
2.73255	-306
2.72848	-272.685
2.72441	-274.849
2.72034	-384.501
2.71627	-390.283
2.7122	-351.399
2.70814	-416.922
2.70407	-485.394
2.7	-446.222
2.69593	-359.79
2.69186	-361.952
2.68779	-311.278
2.68372	-220.516
2.67965	-221.878
2.67558	-353.546
2.67151	-399.696
2.66744	-491.832
2.66337	-548.322
2.6593	-470.732
2.65523	-412.422
2.65117	-346.606
2.6471	-275.708
2.64303	-223.36
2.63896	-300.308
2.63489	-350.864
2.63082	-421.784
2.62675	-456.67
2.62268	-416.381
2.61861	-423.663
2.61454	-369.587
2.61047	-310.235
2.6064	-224.589
2.60233	-240.778
2.59826	-209.29
2.5942	-265.832
2.59013	-253.316
2.58606	-355.614
2.58199	-379.28
2.57792	-344.396
2.57385	-311.172
2.56978	-352.75
2.56571	-353.436
2.56164	-340.338
2.55757	-365.486
2.5535	-288.742
2.54943	-288.522
2.54536	-177.251
2.54129	-213.489
2.53722	-182.799
2.53315	-234.389
2.52909	-141.723
2.52502	-199.049
2.52095	-200.493
2.51688	-242.419
2.51281	-261.211
2.50874	-391.116
2.50467	-389.08
2.5006	-361.118
2.49653	-359.726
2.49246	-365.234
2.48839	-305.586
2.48432	-307.822
2.48025	-331.8
2.47618	-323.72
2.47212	-280.178
2.46805	-280.01
2.46398	-270.458
2.45991	-212.7
2.45584	-201.218
2.45177	-197.456
2.4477	-232.332
2.44363	-262.966
2.43956	-277.548
2.43549	-289.598
2.43142	-317.798
2.42735	-299.784
2.42328	-296.472
2.41921	-371.43
2.41514	-347.7
2.41107	-337.85
2.40701	-303.13
2.40294	-351.076
2.39887	-303.814
2.3948	-292.302
2.39073	-263.344
2.38666	-236.646
2.38259	-209.632
2.37852	-226.42
2.37445	-223.024
2.37038	-259.226
2.36631	-262.132
2.36224	-243.46
2.35817	-202.808
2.35411	-228.778
2.35004	-291.46
2.34597	-330.55
2.3419	-267.031
2.33783	-182.936
2.33376	-116.575
2.32969	12.868
2.32562	70.9143
2.32155	12.9129
2.31748	-53.6055
2.31341	-91.2866
2.30934	-88.7265
2.30527	-119.081
2.3012	-89.5688
2.29713	-62.1066
2.29306	-46.1
2.289	-27.566
2.28493	12.7788
2.28086	41.6273
2.27679	24.1577
2.27272	58.1401
2.26865	23.8263
2.26458	-3.34234
2.26051	-9.42044
2.25644	-27.601
2.25237	-93.908
2.2483	-119.203
2.24423	-94.322
2.24016	-134.356
2.23609	-179.492
2.23203	-184.794
2.22796	-231.062
2.22389	-313.808
2.21982	-298.48
2.21575	-302.188
2.21168	-274.91
2.20761	-294.262
2.20354	-286.636
2.19947	-355.806
2.1954	-302.026
2.19133	-335.592
2.18726	-373.056
2.18319	-352.532
2.17912	-297.644
2.17505	-260.831
2.17098	-265.109
2.16692	-150.91
2.16285	-141.882
2.15878	-165.23
2.15471	-169.737
2.15064	-170.745
2.14657	-209.165
2.1425	-190.957
2.13843	-166.299
2.13436	-194.756
2.13029	-208.22
2.12622	-186.118
2.12215	-239.091
2.11808	-255.955
2.11401	-337.782
2.10995	-325.23
2.10588	-377.8
2.10181	-375.312
2.09774	-374.932
2.09367	-353.238
2.0896	-342.63
2.08553	-304.202
2.08146	-273.198
2.07739	-203.984
2.07332	-158.614
2.06925	-134.622
2.06518	-95.9284
2.06111	-161.326
2.05704	-259.788
2.05297	-257.798
2.0489	-308.952
2.04484	-349.594
2.04077	-300.9
2.0367	-236.404
2.03263	-225.426
2.02856	-194.718
2.02449	-163.915
2.02042	-90.2846
2.01635	-115.829
2.01228	-96.7808
2.00821	-78.2728
2.00414	-145.052
2.00007	-222.612
1.996	-225.526
1.99194	-281.83
1.98786	-281.824
1.9838	-228.122
1.97973	-223.508
1.97566	-182.454
1.97159	-155.24
1.96752	-141.194
1.96345	-112.246
1.95938	-92.3358
1.95531	-157.347
1.95124	-154.847
1.94717	-172.942
1.9431	-153.794
1.93903	-114.466
1.93496	-78.1784
1.9309	-47.5661
1.92683	-59.4041
1.92276	-144.808
1.91869	-211.554
1.91462	-170.319
1.91055	-150.61
1.90648	-147.206
1.90241	-110.974
1.89834	-33.9704
1.89427	-30.5021
1.8902	-72.3817
1.88613	-70.5657
1.88206	-59.4617
1.87799	-143.565
1.87392	-182.262
1.86986	-154.98
1.86579	-122.769
1.86172	-93.6144
1.85765	-40.7392
1.85358	-12.5978
1.84951	-36.3904
1.84544	-51.8632
1.84137	-31.4718
1.8373	-102.809
1.83323	-125.522
1.82916	-140.618
1.82509	-210.53
1.82102	-329.08
1.81695	-365.418
1.81288	-371.048
1.80882	-449.312
1.80475	-380.458
1.80068	-354.846
1.79661	-342.672
1.79254	-394.684
1.78847	-347.992
1.7844	-428.85
1.78033	-376.926
1.77626	-368.536
1.77219	-348.938
1.76812	-364.49
1.76405	-365.794
1.75998	-428.87
1.75591	-308.808
1.75184	-342.404
1.74778	-278.788
1.74371	-181.402
1.73964	-155.186
1.73557	-249.644
1.7315	-203.02
1.72743	-266.144
1.72336	-336.346
1.71929	-311.194
1.71522	-295.14
1.71115	-266.016
1.70708	-196.491
1.70301	-164.341
1.69894	-183.193
1.69487	-191.591
1.6908	-204.997
1.68674	-250.76
1.68267	-230.518
1.6786	-247.93
1.67453	-238.798
1.67046	-295.628
1.66639	-292.748
1.66232	-307.72
1.65825	-310.91
1.65418	-281.116
1.65011	-257.436
1.64604	-238.466
1.64197	-215.456
1.6379	-150.114
1.63383	-140.766
1.62976	-137.716
1.62569	-127.798
1.62163	-116.783
1.61756	-149.132
1.61349	-163.963
1.60942	-167.547
1.60535	-194.703
1.60128	-189.307
1.59721	-151.603
1.59314	-146.203
1.58907	-83.6849
1.585	-70.3109
1.58093	-116.686
1.57686	-174.58
1.57279	-158.875
1.56872	-134.931
1.56465	-91.7771
1.56059	-14.8361
1.55652	61.7677
1.55245	81.6394
1.54838	40.0452
1.54431	40.8565
1.54024	8.33706
1.53617	-13.3339
1.5321	13.1026
1.52803	94.6772
1.52396	146.929
1.51989	247.33
1.51582	297.271
1.51175	272.208
1.50768	273.398
1.50361	302.152
1.49955	271.065
1.49548	208.869
1.49141	305.536
1.48734	283.111
1.48327	246.812
1.4792	248.185
1.47513	289.019
1.47106	197.287
1.46699	213.336
1.46292	246.334
1.45885	267.736
1.45478	288.659
1.45071	382.424
1.44664	463.718
1.44258	545.82
1.43851	642.149
1.43444	838.044
1.43037	965.631
1.4263	1034.63
1.42223	1135.6
1.41816	1244.77
1.41409	1349.91
1.41002	1575.76
1.40595	1862.25
1.40188	2172.88
1.39781	2541.77
1.39374	2983.46
1.38967	3432.67
1.3856	4013.93
1.38154	4780.29
1.37747	5912.15
1.3734	7279.97
1.36933	9132.3
1.36526	11689.9
1.36119	15115.8
1.35712	19660.1
1.35305	25471.1
1.34898	31970.8
1.34491	37686.8
1.34084	41200.6
1.33677	41479.8
1.3327	38708.7
1.32864	33506.8
1.32456	27387.3
1.3205	21716.5
1.31643	17257.1
1.31236	13827.7
1.30829	11329.6
1.30422	9454.98
1.30015	7981.26
1.29608	6801.02
1.29201	5956.1
1.28794	5207.76
1.28387	4539.06
1.2798	4014.42
1.27573	3581.48
1.27166	3117.11
1.2676	2781.97
1.26353	2508.65
1.25946	2197.5
1.25539	1903.19
1.25132	1718.15
1.24725	1506.87
1.24318	1329.29
1.23911	1255.88
1.23504	1189.4
1.23097	1078.25
1.2269	959.67
1.22283	889.12
1.21876	785.952
1.21469	742.686
1.21062	697.235
1.20656	684.521
1.20249	625.366
1.19842	580.396
1.19435	538.273
1.19028	491.928
1.18621	361.921
1.18214	258.334
1.17807	129.559
1.174	57.7482
1.16993	-95.063
1.16586	-142.149
1.16179	-126.645
1.15772	-18.3895
1.15365	-50.3561
1.14958	-25.7501
1.14552	29.3114
1.14145	-58.1213
1.13738	-93.5265
1.13331	-109.538
1.12924	-43.2693
1.12517	-74.125
1.1211	-5.818
1.11703	-69.9866
1.11296	-10.9464
1.10889	53.311
1.10482	99.5506
1.10075	114.13
1.09668	118.344
1.09261	111.787
1.08854	20.8971
1.08448	-5.62582
1.08041	13.1519
1.07634	88.7467
1.07227	53.7655
1.0682	70.8272
1.06413	82.1647
1.06006	96.8215
1.05599	76.4827
1.05192	117.609
1.04785	117.381
1.04378	79.321
1.03971	29.0936
1.03564	-27.6764
1.03157	-90.7924
1.0275	-88.0149
1.02344	-43.4207
1.01937	-36.0225
1.0153	52.4147
1.01123	85.5482
1.00716	188.087
1.00309	346.352
0.99902	894.704
0.99495	2625.48
0.99088	4248.62
0.98681	4414.75
0.98274	4404.34
0.97867	3966.88
0.9746	2248.86
0.97053	666.41
0.96646	435.637
0.9624	234.983
0.95833	220.436
0.95426	160.549
0.95019	168.647
0.94612	166.401
0.94205	196.011
0.93798	119.667
0.93391	128.994
0.92984	123.282
0.92577	121.622
0.9217	158.938
0.91763	171.605
0.91356	130.421
0.90949	61.7654
0.90543	-57.0598
0.90136	-91.978
0.89729	-161.319
0.89322	-115.986
0.88915	-63.011
0.88508	-39.887
0.88101	-71.5896
0.87694	-69.0616
0.87287	-98.4266
0.8688	-131.243
0.86473	-70.922
0.86066	2.14502
0.85659	-41.103
0.85252	-133.78
0.84845	-233.99
0.84439	-286.253
0.84032	-441.294
0.83625	-461.074
0.83218	-444.868
0.82811	-419.14
0.82404	-429.556
0.81997	-459.818
0.8159	-483.926
0.81183	-509.738
0.80776	-525.454
0.80369	-519.936
0.79962	-451.036
0.79555	-358.284
0.79148	-353.486
0.78741	-327.896
0.78334	-345.26
0.77928	-349.39
0.77521	-382.244
0.77114	-314.28
0.76707	-341.7
0.763	-314.484
0.75893	-293.04
0.75486	-318.008
0.75079	-311.202
0.74672	-329.498
0.74265	-372.058
0.73858	-402.544
0.73451	-346.306
0.73044	-350.146
0.72637	-318.884
0.7223	-287.1
0.71824	-256.724
0.71417	-240.096
0.7101	-244.894
0.70603	-223.108
0.70196	-265.004
0.69789	-228.834
0.69382	-248.63
0.68975	-247.668
0.68568	-196.309
0.68161	-158.607
0.67754	-172.869
0.67347	-210.593
0.6694	-268.235
0.66533	-345.752
0.66126	-265.447
0.6572	-333.437
0.65313	-364.935
0.64906	-336.049
0.64499	-302.379
0.64092	-343.9
0.63685	-303.21
0.63278	-285.844
0.62871	-244.438
0.62464	-285.958
0.62057	-293.512
0.6165	-304.874
0.61243	-282.466
0.60836	-267.195
0.60429	-189.076
0.60023	-196.044
0.59616	-75.2098
0.59209	-9.2916
0.58802	-48.455
0.58395	-114.4
0.57988	-121.896
0.57581	-199.734
0.57174	-263.392
0.56767	-242.956
0.5636	-263.134
0.55953	-227.999
0.55546	-249.569
0.55139	-339.175
0.54732	-374.499
0.54326	-374.795
0.53919	-430.75
0.53512	-450.018
0.53105	-337.298
0.52698	-320.8
0.52291	-320.74
0.51884	-309.63
0.51477	-321.374
0.5107	-316.266
0.50663	-295.972
0.50256	-306.884
0.49849	-294.18
0.49442	-305.324
0.49035	-317.362
0.48628	-377.038
0.48222	-371.042
0.47814	-378.78
0.47408	-301.281
0.47001	-272.695
0.46594	-181.756
0.46187	-166.124
0.4578	-217.192
0.45373	-213.343
0.44966	-247.471
0.44559	-334.299
0.44152	-308.223
0.43745	-232.167
0.43338	-230.405
0.42931	-220.243
0.42524	-157.565
0.42118	-145.735
0.41711	-100.639
0.41304	-120.547
0.40897	-50.421
0.4049	-34.9854
0.40083	-27.8634
0.39676	-71.8718
0.39269	-98.9638
0.38862	-103.879
0.38455	-72.4806
0.38048	-3.4522
0.37641	53.8448
0.37234	169.693
0.36827	192.181
0.3642	214.443
0.36013	238.745
0.35607	227.126
0.352	192.69
0.34793	107.206
0.34386	23.9694
0.33979	-22.6111
0.33572	-60.0469
0.33165	-113.834
0.32758	-41.4439
0.32351	-46.0619
0.31944	-52.661
0.31537	-113.362
0.3113	-45.8812
0.30723	-70.758
0.30316	-37.5764
0.29909	-86.285
0.29503	-66.969
0.29096	-175.113
0.28689	-130.583
0.28282	-184.259
0.27875	-190.199
0.27468	-189.295
0.27061	-214.705
0.26654	-308.698
0.26247	-324.656
0.2584	-319.416
0.25433	-369.446
0.25026	-324.416
0.24619	-384.068
0.24212	-401.182
0.23805	-443.226
0.23399	-351.007
0.22992	-322.455
0.22585	-299.055
0.22178	-247.365
0.21771	-186.469
0.21364	-260.614
0.20957	-252.236
0.2055	-206.74
0.20143	-193.15
0.19736	-182.392
0.19329	-100.859
0.18922	-154.694
0.18515	-195.524
0.18108	-170.77
0.17702	-169.872
0.17295	-224.777
0.16888	-177.838
0.16481	-157.29
0.16074	-152.24
0.15667	-170.43
0.1526	-117.557
0.14853	-154.38
0.14446	-160.918
0.14039	-176.792
0.13632	-175.088
0.13225	-238.046
0.12818	-246.49
0.12411	-255.54
0.12004	-294.066
0.11597	-272.304
0.11191	-300.902
0.10784	-283.322
0.10377	-236.226
0.0997	-236.94
0.09563	-317.37
0.09156	-270.402
0.08749	-278.844
0.08342	-391.708
0.07935	-396.648
0.07528	-333.288
0.07121	-358.93
0.06714	-384.034
0.06307	-310.056
0.05901	-346.498
0.05493	-347.498
0.05087	-344.052
0.0468	-257.2
0.04273	-186.949
0.03866	-188.897
0.03459	-189.237
0.03052	-117.101
0.02645	-136.739
0.02238	-217.932
0.01831	-148.674
0.01424	-133.414
0.01017	-178.284
0.0061	-218.556
0.00203	-213.934
-0.002	-287.258
-0.0061	-367.072
-0.0102	-420.434
-0.0142	-450.858
-0.0183	-467.134
-0.0224	-412.682
-0.0265	-411.238
-0.0305	-402.374
-0.0346	-402.042
-0.0387	-385.55
-0.0427	-396
-0.0468	-385.648
-0.0509	-394.154
-0.0549	-363.988
-0.059	-398.868
-0.0631	-431.48
-0.0671	-346.914
-0.0712	-328.698
-0.0753	-383.118
-0.0794	-365.93
-0.0834	-400.152
-0.0875	-457.798
-0.0916	-425.14
-0.0956	-420.718
-0.0997	-368.864
-0.1038	-348.646
-0.1078	-398.156
-0.1119	-388.618
-0.116	-324.922
-0.12	-321.918
-0.1241	-351.918
-0.1282	-300.878
-0.1323	-380.59
-0.1363	-417.014
-0.1404	-513.852
-0.1445	-474.656
-0.1485	-488.46
-0.1526	-400.9
-0.1567	-400.168
-0.1607	-369.21
-0.1648	-438.906
-0.1689	-450.324
-0.1729	-463.208
-0.177	-438.488
-0.1811	-363.87
-0.1852	-241.64
-0.1892	-251.062
-0.1933	-231.676
-0.1974	-199.45
-0.2014	-132.355
-0.2055	-112.109
-0.2096	-30.1566
-0.2136	-25.985
-0.2177	67.908
-0.2218	32.4788
-0.2258	84.65
-0.2299	150.232
-0.234	189.846
-0.2381	153.136
-0.2421	128.458
-0.2462	97.7829
-0.2503	52.5807
-0.2543	24.6531
-0.2584	-19.0803
-0.2625	-43.6333
-0.2665	-58.5196
-0.2706	-77.111
-0.2747	-60.91
-0.2787	-106.5
-0.2828	-13.3722
-0.2869	51.3248
-0.291	115.776
-0.295	161.976
-0.2991	395.77
-0.3032	599.138
-0.3072	849.173
-0.3113	1093.6
-0.3154	1319.1
-0.3194	1308.37
-0.3235	1322.41
-0.3276	1305.68
-0.3317	1207.87
-0.3357	1117.37
-0.3398	1111.11
-0.3439	1048.87
-0.3479	935.076
-0.352	865.578
-0.3561	836.389
-0.3601	838.773
-0.3642	770.896
-0.3683	732.283
-0.3723	701.778
-0.3764	667.758
-0.3805	687.221
-0.3846	767.909
-0.3886	952.521
-0.3927	1159.09
-0.3968	1421.21
-0.4008	1787.33
-0.4049	2299.2
-0.409	2803.54
-0.413	3256.74
-0.4171	3505.87
-0.4212	3451.16
-0.4252	3185.59
-0.4293	2823.69
-0.4334	2536.26
-0.4375	2354.63
-0.4415	2235.64
-0.4456	2182.08
-0.4497	2073
-0.4537	1924.62
-0.4578	1791.58
-0.4619	1753.1
-0.4659	1638.71
-0.47	1614.13
-0.4741	1562.46
-0.4781	1499.56
-0.4822	1416.81
-0.4863	1452.46
-0.4904	1490.34
-0.4944	1638.59
-0.4985	1953.26
-0.5026	2475.21
-0.5066	2980.68
-0.5107	3486.27
-0.5148	3851.49
-0.5188	3900.22
-0.5229	3639.43
-0.527	3215.71
-0.531	2740.64
-0.5351	2456.23
-0.5392	2263.58
-0.5433	2124.38
-0.5473	2080.62
-0.5514	2056.9
-0.5555	1915.33
-0.5595	1750.18
-0.5636	1645.25
-0.5677	1503.59
-0.5717	1355.83
-0.5758	1207.41
-0.5799	1134.48
-0.5839	1082.44
-0.588	1135.13
-0.5921	1260.53
-0.5962	1429.74
-0.6002	1677.86
-0.6043	1983.18
-0.6084	2304.32
-0.6124	2506.37
-0.6165	2613.55
-0.6206	2468
-0.6246	2237.4
-0.6287	1864.77
-0.6328	1568.93
-0.6369	1310.83
-0.6409	1214.13
-0.645	1134.18
-0.6491	1064.4
-0.6531	935.944
-0.6572	846.086
-0.6613	805.529
-0.6653	748.165
-0.6694	705.812
-0.6735	649.396
-0.6775	549.545
-0.6816	479.507
-0.6857	317.149
-0.6898	322.196
-0.6938	348.595
-0.6979	414.802
-0.702	461.763
-0.706	581.637
-0.7101	594.212
-0.7142	605.592
-0.7182	605.945
-0.7223	469.425
-0.7264	415.796
-0.7304	295.416
-0.7345	272.601
-0.7386	190.432
-0.7427	226.305
-0.7467	137.566
-0.7508	151.051
-0.7549	106.987
-0.7589	80.6916
-0.763	99.5008
-0.7671	80.9028
-0.7711	36.99
-0.7752	-40.2638
-0.7793	-64.8406
-0.7833	-35.208
-0.7874	29.0072
-0.7915	41.7547
-0.7956	111.169
-0.7996	131.714
-0.8037	104.155
-0.8078	35.1503
-0.8118	39.2949
-0.8159	26.325
-0.82	25.3692
-0.824	-24.0155
-0.8281	90.6139
-0.8322	347.682
-0.8362	878.297
-0.8403	990.116
-0.8444	968.055
-0.8485	896.083
-0.8525	639.589
-0.8566	67.3172
-0.8607	-78.1884
-0.8647	-78.0464
-0.8688	-5.20542
-0.8729	-4.0714
-0.8769	-16.3394
-0.881	-16.3794
-0.8851	-29.0772
-0.8891	-195.884
-0.8932	-271.024
-0.8973	-240.451
-0.9014	-200.1
-0.9054	-241.778
-0.9095	-225.364
-0.9136	-197.55
-0.9176	-213.658
-0.9217	-240.22
-0.9258	-213.322
-0.9298	-172.692
-0.9339	-151.502
-0.938	-165.31
-0.942	-249.98
-0.9461	-217.069
-0.9502	-186.866
-0.9543	-197.576
-0.9583	-203.938
-0.9624	-189.808
-0.9665	-192.622
-0.9705	-213.781
-0.9746	-222.157
-0.9787	-211.743
-0.9827	-192.221
-0.9868	-218.698
-0.9909	-233.694
-0.995	-195.054
-0.999	-233.25
-1.0031	-164.794
-1.0072	-219.816
-1.0112	-196.234
-1.0153	-240.888
-1.0194	-164.543
-1.0234	-138.453
-1.0275	-33.6497
-1.0316	-72.6397
-1.0356	-47.3117
-1.0397	-148.345
-1.0438	-232.689
-1.0479	-324.454
-1.0519	-318.064
-1.056	-329.61
-1.0601	-277.99
-1.0641	-189.245
-1.0682	-129.413
-1.0723	-139.323
-1.0763	-134.279
-1.0804	-56.4376
-1.0845	-59.4257
-1.0885	14.9997
-1.0926	87.5087
-1.0967	148.113
-1.1008	78.6739
-1.1048	3.0226
-1.1089	-117.145
-1.113	-158.366
-1.117	-252.718
-1.1211	-330.31
-1.1252	-346.254
-1.1292	-329.462
-1.1333	-349.008
-1.1374	-378.994
-1.1414	-335.79
-1.1455	-335.896
-1.1496	-373.8
-1.1537	-407.046
-1.1577	-345.226
-1.1618	-360.59
-1.1659	-342.036
-1.1699	-282.878
-1.174	-295.382
-1.1781	-378.994
-1.1821	-349.74
-1.1862	-387.864
-1.1903	-418.428
-1.1943	-403.704
-1.1984	-364.174
-1.2025	-374.06
-1.2066	-387.384
-1.2106	-387.49
-1.2147	-458.4
-1.2188	-434.912
-1.2228	-520.404
-1.2269	-523.568
-1.231	-575.306
-1.235	-494.196
-1.2391	-509.678
-1.2432	-435.072
-1.2472	-420.544
-1.2513	-394.51
-1.2554	-424.248
-1.2595	-465.188
-1.2635	-409.014
-1.2676	-412.79
-1.2717	-441.04
-1.2757	-432.52
-1.2798	-409.104
-1.2839	-488.384
-1.2879	-471.544
-1.292	-448.716
-1.2961	-438.152
-1.3001	-467.036
-1.3042	-457.058
-1.3083	-472.986
-1.3124	-437.826
-1.3164	-415.086
-1.3205	-395.338
-1.3246	-326.46
-1.3286	-105.553
-1.3327	39.8296
-1.3368	147.262
-1.3408	232.778
-1.3449	236.493
-1.349	70.5536
-1.3531	-67.6506
-1.3571	-160.689
-1.3612	-135.639
-1.3653	-105.452
-1.3693	44.7407
-1.3734	219.858
-1.3775	451.075
-1.3815	577.652
-1.3856	624.448
-1.3897	560.056
-1.3937	437.9
-1.3978	261.387
-1.4019	162.716
-1.406	204.479
-1.41	450.083
-1.4141	892.448
-1.4182	1410.87
-1.4222	1772.92
-1.4263	1937.59
-1.4304	1906.89
-1.4344	1668.37
-1.4385	1281.01
-1.4426	1053.48
-1.4466	896.655
-1.4507	708.104
-1.4548	541.769
-1.4589	483.274
-1.4629	395.395
-1.467	388.149
-1.4711	444.12
-1.4751	569.561
-1.4792	673.402
-1.4833	716.301
-1.4873	759.888
-1.4914	769.033
-1.4955	741.206
-1.4995	878.74
-1.5036	1070.57
-1.5077	1452.06
-1.5118	2257.67
-1.5158	4020.57
-1.5199	7481.38
-1.524	11880.3
-1.528	15142.5
-1.5321	16737.5
-1.5362	16512.9
-1.5402	13878.5
-1.5443	10048.2
-1.5484	7067.58
-1.5524	5311.19
-1.5565	4564.04
-1.5606	4536.38
-1.5647	5228.85
-1.5687	6969.98
-1.5728	10399.9
-1.5769	15353.4
-1.5809	20840.9
-1.585	26141.5
-1.5891	29827.5
-1.5931	31239.9
-1.5972	31261.5
-1.6013	31786.8
-1.6054	32788.9
-1.6094	34007.4
-1.6135	34730.7
-1.6176	33226
-1.6216	29368.8
-1.6257	24101
-1.6298	18881.2
-1.6338	14496.9
-1.6379	12000.3
-1.642	10515.2
-1.646	9746.7
-1.6501	9464.87
-1.6542	10143.1
-1.6583	12082.2
-1.6623	15407.5
-1.6664	18729.8
-1.6705	20568.2
-1.6745	20521
-1.6786	18961.5
-1.6827	15977.2
-1.6867	12943.8
-1.6908	11193.5
-1.6949	10560.9
-1.6989	10114.2
-1.703	9666.6
-1.7071	9049.97
-1.7112	8518.02
-1.7152	8122.99
-1.7193	7904.27
-1.7234	8122.74
-1.7274	8714.42
-1.7315	9786.43
-1.7356	11210.3
-1.7396	12443.6
-1.7437	13115.7
-1.7478	13198.5
-1.7518	12389.1
-1.7559	10978.4
-1.76	9534.48
-1.7641	8336.36
-1.7681	7545.53
-1.7722	7383.62
-1.7763	7101.08
-1.7803	6922.88
-1.7844	6750.2
-1.7885	6508.45
-1.7925	5997.69
-1.7966	5794.35
-1.8007	5690.24
-1.8047	5651.8
-1.8088	5764
-1.8129	5928.12
-1.817	6090.52
-1.821	6114.34
-1.8251	6145.91
-1.8292	6000.17
-1.8332	5970.15
-1.8373	6109.72
-1.8414	6565.76
-1.8454	6979.46
-1.8495	7437.78
-1.8536	7898.29
-1.8576	8157.76
-1.8617	7894.06
-1.8658	7191.82
-1.8699	6315.19
-1.8739	5232.65
-1.878	4086.36
-1.8821	3218.75
-1.8861	2788.18
-1.8902	2499.99
-1.8943	2286.25
-1.8983	2166.2
-1.9024	2055.41
-1.9065	1859.77
-1.9105	1669.84
-1.9146	1530.58
-1.9187	1339.73
-1.9228	1162.27
-1.9268	1050.05
-1.9309	937.989
-1.935	881.743
-1.939	831.878
-1.9431	870.444
-1.9472	911.704
-1.9512	946.759
-1.9553	851.867
-1.9594	897.817
-1.9634	816.342
-1.9675	754.636
-1.9716	717.903
-1.9757	699.536
-1.9797	629.644
-1.9838	580.302
-1.9879	577.086
-1.9919	630.036
-1.996	666.737
-2.0001	717.54
-2.0041	777.918
-2.0082	822.819
-2.0123	824.232
-2.0164	797.539
-2.0204	775.408
-2.0245	745.382
-2.0286	641.653
-2.0326	507.156
-2.0367	475.315
-2.0408	430.008
-2.0448	407.795
-2.0489	400.459
-2.053	530.383
-2.057	589.189
-2.0611	600.885
-2.0652	643.951
-2.0693	747.904
-2.0733	769.93
-2.0774	732.147
-2.0815	681.313
-2.0855	672.322
-2.0896	564.276
-2.0937	461.004
-2.0977	405.092
-2.1018	438.487
-2.1059	330.4
-2.1099	288.555
-2.114	263.063
-2.1181	288.712
-2.1222	227.66
-2.1262	347.852
-2.1303	591.201
-2.1344	930.011
-2.1384	963.422
-2.1425	974.168
-2.1466	929.389
-2.1506	702.533
-2.1547	358.065
-2.1588	306.232
-2.1628	279.511
-2.1669	200.941
-2.171	211.203
-2.1751	193.328
-2.1791	229.59
-2.1832	241.216
-2.1873	195.486
-2.1913	192.633
-2.1954	204.721
-2.1995	160.572
-2.2035	117.539
-2.2076	186.945
-2.2117	152.23
-2.2157	66.2494
-2.2198	37.9348
-2.2239	13.0672
-2.228	-21.5967
-2.232	-62.6275
-2.2361	-15.7332
-2.2402	-18.4796
-2.2442	20.0464
-2.2483	-54.5423
-2.2524	-104.344
-2.2564	-154.07
-2.2605	-117.274
-2.2646	-186.57
-2.2687	-117.16
-2.2727	-55.0696
-2.2768	-51.2476
-2.2809	-162.03
-2.2849	-134.646
-2.289	-167.123
-2.2931	-213.61
-2.2971	-185.912
-2.3012	-111.737
